1275403283.267134 ID_001 3.73 2.24 6.102 ID_002 2.19 4.31 0.480 ID_003 3.17 4.76 3.820 ID_004 2.39 5.07 4.920 ID_005 3.58 3.87 2.594 ID_006 3.72 2.98 5.888
1275403288.272120 ID_001 3.53 2.07 0.668 ID_002 2.20 4.29 0.489 ID_003 3.05 4.63 3.778 ID_004 2.38 5.06 4.954 ID_005 3.56 4.12 1.773 ID_006 3.42 2.81 5.863
1275403293.277107 ID_001 3.58 2.05 0.627 ID_002 2.20 4.30 0.710 ID_003 3.09 4.66 3.274 ID_004 2.38 5.04 4.521 ID_005 1.87 5.39 4.120 ID_006 3.25 2.81 6.010
1275403298.282257 ID_001 3.75 2.18 6.099 ID_002 2.20 4.30 0.348 ID_003 3.09 4.63 3.577 ID_004 2.67 5.14 4.602 ID_005 1.66 5.00 5.901 ID_006 3.24 3.62 1.630
1275403303.287246 ID_001 3.73 2.17 5.939 ID_002 2.21 4.30 0.666 ID_003 3.24 4.94 3.755 ID_004 2.68 5.13 4.702 ID_005 1.66 5.03 5.598 ID_006 3.09 3.49 1.893
1275403308.292247 ID_001 3.74 2.17 6.024 ID_002 2.19 4.31 0.531 ID_003 3.07 4.56 3.212 ID_004 2.42 5.18 4.346 ID_005 1.79 5.00 5.831 ID_006 3.11 3.64 1.576
1275403313.297270 ID_001 3.71 2.15 6.033 ID_002 2.23 4.31 0.841 ID_003 3.00 4.89 3.752 ID_004 2.40 5.16 4.366 ID_005 1.77 4.94 5.762 ID_006 3.21 2.97 0.829
1275403318.302407 ID_001 3.61 1.95 1.354 ID_002 2.84 2.94 5.776 ID_003 2.96 4.92 3.469 ID_004 2.41 5.16 4.056 ID_005 1.70 4.85 5.856 ID_006 3.35 4.20 2.479
1275403323.307393 ID_001 3.42 1.99 1.061 ID_002 3.60 2.60 6.233 ID_003 2.97 4.67 3.668 ID_004 2.40 5.20 4.498 ID_005 1.70 4.41 6.212 ID_006 4.10 3.03 4.383
1275403328.312378 ID_001 2.26 2.60 2.156 ID_002 3.24 2.80 2.559 ID_003 3.00 4.56 3.713 ID_004 2.41 5.19 4.383 ID_005 1.70 4.40 6.106 ID_006 4.31 2.97 3.396
1275403333.317417 ID_001 1.81 3.39 0.884 ID_002 2.58 4.25 1.670 ID_003 3.07 4.80 3.126 ID_004 2.41 4.99 4.734 ID_005 1.70 4.43 6.104 ID_006 4.30 2.96 3.423
1275403338.322534 ID_001 1.88 3.44 -0.605 ID_002 2.40 4.02 1.180 ID_003 2.83 4.78 3.695 ID_004 2.47 5.09 5.084 ID_005 1.68 4.46 6.590 ID_006 3.28 3.72 2.540
1275403343.327520 ID_001 3.68 2.26 1.065 ID_002 2.43 4.02 1.038 ID_003 2.83 4.67 3.775 ID_004 2.37 4.97 4.916 ID_005 1.53 4.53 0.180 ID_006 3.21 3.79 2.547
1275403348.332523 ID_001 3.04 2.78 2.496 ID_002 2.42 4.04 1.223 ID_003 2.83 4.78 3.747 ID_004 2.37 4.98 4.889 ID_005 1.70 4.39 0.423 ID_006 3.28 3.79 2.684
1275403353.270913 ID_001 1.52 3.41 0.952 ID_002 2.47 4.05 2.162 ID_003 2.90 4.82 3.837 ID_004 2.42 4.99 4.993 ID_005 1.69 4.38 0.459 ID_006 3.26 3.75 2.589
1275403358.275902 ID_001 1.48 3.64 0.815 ID_002 2.24 3.55 1.127 ID_003 2.81 4.87 3.730 ID_004 2.07 5.11 4.682 ID_005 1.69 4.36 6.483 ID_006 3.27 3.79 2.581
1275403363.280914 ID_001 1.49 3.66 0.698 ID_002 2.23 3.54 1.284 ID_003 2.80 4.77 3.895 ID_004 2.07 5.13 4.717 ID_005 1.65 4.39 6.433 ID_006 3.30 3.89 2.620
1275403368.285915 ID_001 1.46 3.68 0.615 ID_002 2.23 3.51 1.352 ID_003 2.70 4.88 3.913 ID_004 2.05 5.14 4.684 ID_005 1.65 4.38 6.291 ID_006 3.30 3.72 2.797
1275403373.291044 ID_001 1.47 3.64 0.754 ID_002 2.21 3.49 1.350 ID_003 2.69 4.84 4.081 ID_004 2.08 5.10 4.779 ID_005 1.46 4.54 6.110 ID_006 3.29 3.75 2.800
1275403378.296034 ID_001 1.46 3.67 0.708 ID_002 2.27 3.57 1.193 ID_003 2.89 4.58 3.909 ID_004 2.08 5.09 4.480 ID_005 1.59 4.50 6.213 ID_006 3.36 4.02 2.405
1275403383.301042 ID_001 1.59 3.87 1.000 ID_002 2.24 3.52 1.461 ID_003 2.82 4.51 4.047 ID_004 2.05 5.12 4.567 ID_005 1.48 4.65 5.778 ID_006 3.16 3.81 3.122
1275403388.306032 ID_001 1.64 3.85 6.770 ID_002 2.26 3.55 1.438 ID_003 2.83 4.57 4.129 ID_004 2.08 5.10 4.527 ID_005 1.57 4.59 5.952 ID_006 3.18 3.78 3.113
1275403393.311158 ID_001 1.62 3.81 6.613 ID_002 2.33 2.67 0.972 ID_003 2.49 4.70 4.040 ID_004 3.62 2.95 4.417 ID_005 1.60 4.61 5.856 ID_006 3.18 3.94 3.059
1275403398.316200 ID_001 1.67 3.77 0.569 ID_002 2.32 3.06 1.274 ID_003 2.46 4.34 4.204 ID_004 3.69 2.37 4.170 ID_005 1.69 4.75 5.728 ID_006 3.13 3.92 3.339
1275403403.321211 ID_001 1.66 3.81 0.649 ID_002 2.21 3.32 1.382 ID_003 2.45 4.37 4.232 ID_004 3.02 3.16 2.538 ID_005 1.60 4.75 5.617 ID_006 3.18 3.79 3.271
1275403408.259470 ID_001 1.53 3.40 -0.855 ID_002 2.23 3.30 1.479 ID_003 2.27 4.58 4.174 ID_004 3.02 3.18 2.427 ID_005 1.58 4.49 5.803 ID_006 3.16 3.83 3.216
1275403413.264575 ID_001 3.64 2.08 1.105 ID_002 2.21 3.33 1.450 ID_003 2.24 4.57 4.376 ID_004 3.02 3.19 2.239 ID_005 1.70 4.34 5.472 ID_006 3.26 3.70 3.768
1275403418.269569 ID_001 2.66 2.30 2.541 ID_002 2.27 3.56 1.765 ID_003 2.25 4.58 4.397 ID_004 2.99 3.20 2.375 ID_005 1.47 4.15 -0.076 ID_006 3.13 3.97 3.706
1275403423.274594 ID_001 2.26 2.72 0.871 ID_002 2.09 3.23 1.225 ID_003 2.20 4.41 3.858 ID_004 3.00 3.15 2.707 ID_005 1.52 4.16 -0.146 ID_006 3.14 3.81 3.530
1275403428.280055 ID_001 2.51 2.80 1.376 ID_002 1.88 3.46 1.011 ID_003 2.27 4.29 4.071 ID_004 3.02 3.14 2.709 ID_005 1.54 4.15 5.947 ID_006 3.15 3.78 3.513
1275403433.284709 ID_001 2.41 2.86 0.974 ID_002 1.68 3.37 1.038 ID_003 2.33 4.84 5.531 ID_004 3.12 2.80 2.272 ID_005 1.59 4.34 5.895 ID_006 3.28 3.68 4.119
1275403438.289732 ID_001 2.46 2.78 1.208 ID_002 1.69 3.37 1.058 ID_003 2.19 4.58 4.457 ID_004 3.12 2.83 2.452 ID_005 1.52 4.22 5.662 ID_006 3.25 3.65 3.933
1275403443.294868 ID_001 2.43 2.60 0.932 ID_002 1.73 3.24 0.819 ID_003 2.20 4.52 4.284 ID_004 3.03 2.38 2.266 ID_005 1.38 4.35 -0.282 ID_006 3.08 3.49 4.043
1275403448.299717 ID_001 2.49 2.61 1.693 ID_002 1.77 3.23 0.715 ID_003 2.33 4.20 4.406 ID_004 3.05 2.83 2.369 ID_005 1.53 4.11 5.746 ID_006 3.09 3.52 3.667
1275403453.304846 ID_001 2.32 2.65 1.019 ID_002 1.68 3.29 1.384 ID_003 2.06 4.46 3.994 ID_004 2.95 2.67 2.390 ID_005 1.43 4.30 5.670 ID_006 3.17 3.54 3.954
1275403458.309819 ID_001 2.38 2.64 1.042 ID_002 1.66 3.28 1.285 ID_003 2.28 4.20 4.040 ID_004 3.20 2.53 0.842 ID_005 1.45 4.11 5.649 ID_006 3.33 3.45 4.187
1275403463.314834 ID_001 2.55 2.59 0.915 ID_002 1.57 3.12 1.264 ID_003 3.63 3.05 4.327 ID_004 3.50 2.27 2.012 ID_005 2.05 4.26 5.418 ID_006 3.18 3.56 4.118
1275403468.319835 ID_001 2.53 2.57 1.468 ID_002 1.65 3.45 0.813 ID_003 3.70 3.42 1.976 ID_004 3.04 2.76 2.471 ID_005 2.19 4.42 5.317 ID_006 3.17 3.49 4.127
1275403473.325005 ID_001 2.45 2.64 1.059 ID_002 3.60 2.16 5.771 ID_003 3.94 2.83 3.091 ID_004 3.05 2.78 2.431 ID_005 1.91 2.61 5.265 ID_006 3.25 3.49 3.937
1275403478.263213 ID_001 2.29 3.11 5.632 ID_002 3.58 2.14 5.890 ID_003 3.63 4.28 2.037 ID_004 3.05 2.94 3.073 ID_005 4.04 1.61 1.943 ID_006 3.11 3.54 4.580
1275403483.268210 ID_001 2.56 2.58 5.210 ID_002 3.70 2.23 5.565 ID_003 1.87 2.61 5.464 ID_004 2.11 2.06 6.619 ID_005 3.54 1.32 2.393 ID_006 3.20 3.27 4.395
1275403488.273363 ID_001 4.22 1.48 2.220 ID_002 3.57 2.14 5.689 ID_003 2.51 2.19 5.428 ID_004 2.01 1.58 0.207 ID_005 3.25 1.08 2.213 ID_006 2.89 3.13 4.626
1275403493.278384 ID_001 3.87 1.39 2.454 ID_002 3.54 2.08 5.804 ID_003 2.43 2.12 5.591 ID_004 2.00 1.57 5.954 ID_005 3.18 1.25 1.901 ID_006 2.95 3.11 4.810
1275403498.283340 ID_001 4.01 1.52 1.887 ID_002 3.64 2.29 6.180 ID_003 2.30 2.41 -1.524 ID_004 2.05 1.54 -0.405 ID_005 3.20 1.24 1.642 ID_006 3.14 3.10 4.598
1275403503.288359 ID_001 3.87 1.51 3.093 ID_002 2.36 1.99 2.964 ID_003 2.64 2.53 5.420 ID_004 2.24 1.19 1.362 ID_005 3.05 1.04 2.093 ID_006 3.25 2.85 4.652
1275403508.293493 ID_001 3.56 1.63 2.919 ID_002 1.98 1.98 6.209 ID_003 2.46 2.39 5.540 ID_004 2.34 1.43 0.634 ID_005 3.05 0.98 2.060 ID_006 3.19 2.63 4.279
1275403513.298497 ID_001 3.47 1.54 2.926 ID_002 2.01 1.96 6.008 ID_003 2.48 2.43 5.373 ID_004 2.30 1.42 0.650 ID_005 3.22 0.75 1.619 ID_006 3.18 2.65 4.270
1275403518.303504 ID_001 3.47 1.61 2.921 ID_002 2.08 2.06 5.855 ID_003 2.62 2.41 4.766 ID_004 2.20 1.18 0.384 ID_005 4.05 1.64 2.058 ID_006 3.44 2.51 4.202
1275403523.308521 ID_001 3.52 1.66 2.862 ID_002 2.13 2.06 6.098 ID_003 2.62 2.21 5.140 ID_004 2.17 1.16 0.091 ID_005 2.96 1.09 2.854 ID_006 3.42 2.44 4.309
1275403528.313848 ID_001 3.54 1.70 2.932 ID_002 2.11 2.00 5.916 ID_003 2.57 2.26 4.728 ID_004 2.07 1.38 0.488 ID_005 2.78 1.09 1.696 ID_006 3.19 2.52 4.371
1275403533.318628 ID_001 3.77 2.13 1.965 ID_002 2.13 2.06 6.242 ID_003 2.75 2.31 4.686 ID_004 2.19 1.18 0.382 ID_005 2.78 1.06 1.871 ID_006 3.27 2.83 4.514
1275403538.323674 ID_001 3.29 1.04 2.670 ID_002 2.05 2.05 6.083 ID_003 2.72 2.24 4.672 ID_004 2.21 1.19 0.419 ID_005 4.06 1.71 2.416 ID_006 3.39 2.21 4.242
1275403543.328644 ID_001 3.16 0.92 2.085 ID_002 2.04 2.04 5.912 ID_003 2.68 2.24 4.484 ID_004 1.93 1.29 0.201 ID_005 3.72 0.95 3.567 ID_006 3.38 2.03 4.109
1275403548.333770 ID_001 3.24 1.18 2.416 ID_002 1.85 1.96 5.749 ID_003 2.44 2.29 4.482 ID_004 2.31 1.10 6.082 ID_005 1.40 0.99 0.439 ID_006 3.30 2.14 3.923
1275403553.338744 ID_001 3.27 1.22 2.549 ID_002 1.88 2.08 5.722 ID_003 2.63 2.16 4.459 ID_004 2.56 0.78 0.893 ID_005 1.52 0.99 0.591 ID_006 3.33 2.09 4.069
1275403558.276992 ID_001 3.26 1.25 2.329 ID_002 1.89 2.07 5.791 ID_003 2.62 2.14 4.550 ID_004 2.59 0.78 0.728 ID_005 1.71 1.02 0.847 ID_006 3.37 2.07 4.005
1275403563.282027 ID_001 3.15 1.11 2.507 ID_002 1.88 2.07 5.827 ID_003 2.59 2.13 4.560 ID_004 2.57 0.83 0.933 ID_005 1.65 1.19 0.460 ID_006 3.31 2.09 3.565
1275403568.287146 ID_001 3.12 1.01 2.273 ID_002 1.93 2.09 5.813 ID_003 3.56 2.60 4.436 ID_004 2.48 0.99 0.454 ID_005 1.66 1.21 0.417 ID_006 3.29 2.18 3.316
1275403573.292179 ID_001 3.14 1.28 2.633 ID_002 1.96 2.08 5.778 ID_003 2.39 2.54 4.379 ID_004 2.44 0.97 1.736 ID_005 1.89 1.20 0.656 ID_006 3.36 2.28 3.786
1275403578.297153 ID_001 3.19 1.31 2.547 ID_002 1.98 2.08 5.864 ID_003 2.68 2.33 4.356 ID_004 2.40 1.02 1.696 ID_005 1.83 1.16 0.849 ID_006 3.29 2.12 3.663
1275403583.302137 ID_001 3.14 1.28 2.561 ID_002 1.93 2.07 6.054 ID_003 2.62 2.30 4.263 ID_004 2.43 0.96 1.681 ID_005 1.85 1.14 0.759 ID_006 3.27 2.20 3.676
1275403588.307282 ID_001 3.16 1.29 2.461 ID_002 2.01 2.04 5.952 ID_003 2.65 2.30 4.311 ID_004 2.43 0.98 1.638 ID_005 1.84 1.16 0.672 ID_006 3.31 2.19 3.685
1275403593.312298 ID_001 3.17 1.28 2.534 ID_002 1.70 1.95 6.102 ID_003 2.65 2.30 4.383 ID_004 2.40 0.97 1.559 ID_005 1.84 1.15 0.850 ID_006 3.31 2.16 3.594
1275403598.317277 ID_001 3.18 1.28 2.577 ID_002 2.00 2.02 5.829 ID_003 2.57 2.32 4.365 ID_004 2.42 0.97 1.242 ID_005 1.84 1.16 0.754 ID_006 3.26 2.21 3.798
1275403603.322290 ID_001 3.19 1.28 2.415 ID_002 1.94 2.13 -0.184 ID_003 2.55 2.34 4.290 ID_004 2.59 0.83 1.466 ID_005 1.84 1.14 0.857 ID_006 3.31 2.17 3.723
1275403608.327400 ID_001 3.75 1.39 3.308 ID_002 1.81 1.94 -0.393 ID_003 2.37 2.33 4.427 ID_004 2.56 0.85 1.283 ID_005 1.90 1.06 0.795 ID_006 3.31 2.16 3.730
1275403613.332506 ID_001 3.15 0.92 2.617 ID_002 1.86 1.99 -0.442 ID_003 2.52 2.31 4.485 ID_004 3.68 1.93 2.099 ID_005 1.96 0.43 1.393 ID_006 3.26 2.21 3.708
1275403618.337441 ID_001 2.87 0.85 2.352 ID_002 1.90 2.04 -0.131 ID_003 2.33 2.43 4.463 ID_004 3.47 1.31 2.829 ID_005 1.98 0.86 1.241 ID_006 3.23 2.10 3.663
1275403623.342463 ID_001 2.81 0.93 2.421 ID_002 1.90 2.12 6.202 ID_003 2.31 2.55 4.875 ID_004 3.52 1.25 2.824 ID_005 2.10 1.07 1.148 ID_006 3.20 2.12 3.726
1275403628.347586 ID_001 2.83 0.96 2.236 ID_002 1.84 2.05 5.775 ID_003 2.52 2.40 4.696 ID_004 3.50 1.32 2.903 ID_005 1.92 1.28 1.059 ID_006 3.29 2.15 3.660
1275403633.352581 ID_001 2.80 0.95 2.204 ID_002 3.68 2.87 5.260 ID_003 2.48 2.33 4.852 ID_004 3.30 1.54 3.169 ID_005 1.89 1.10 0.696 ID_006 3.27 2.30 3.855
1275403638.290847 ID_001 2.82 0.94 1.877 ID_002 3.69 2.63 6.143 ID_003 2.25 2.30 4.967 ID_004 3.30 1.40 2.739 ID_005 1.87 1.29 0.684 ID_006 3.22 2.19 3.565
1275403643.295844 ID_001 2.81 0.94 2.482 ID_002 3.68 2.65 6.186 ID_003 2.19 1.84 5.225 ID_004 3.30 1.27 2.922 ID_005 1.94 1.04 0.831 ID_006 3.28 2.18 3.483
1275403648.300951 ID_001 2.73 0.89 1.918 ID_002 3.70 2.49 6.276 ID_003 2.35 2.05 -0.319 ID_004 3.32 1.50 2.880 ID_005 2.13 1.10 0.642 ID_006 3.23 2.12 3.532
1275403653.305941 ID_001 2.67 1.03 1.350 ID_002 3.70 2.54 6.287 ID_003 4.20 2.96 3.603 ID_004 3.29 1.30 2.640 ID_005 2.08 1.50 0.605 ID_006 3.25 2.17 3.685
1275403658.310947 ID_001 2.74 1.00 1.590 ID_002 3.71 2.48 6.218 ID_003 2.49 1.93 4.984 ID_004 3.25 1.48 3.267 ID_005 1.98 1.48 6.574 ID_006 3.20 2.08 3.762
1275403663.315909 ID_001 2.58 0.97 1.331 ID_002 3.70 2.45 6.347 ID_003 2.19 2.10 5.860 ID_004 3.24 1.52 2.912 ID_005 1.96 1.51 6.426 ID_006 3.16 2.11 3.628
1275403668.321016 ID_001 2.78 1.03 1.718 ID_002 3.68 2.51 6.378 ID_003 2.37 1.99 5.597 ID_004 3.23 1.32 2.895 ID_005 2.00 1.50 0.099 ID_006 3.19 2.15 3.825
1275403673.326013 ID_001 2.69 1.03 1.741 ID_002 3.74 2.38 6.371 ID_003 2.12 2.20 5.521 ID_004 3.18 1.37 2.946 ID_005 2.03 1.39 6.521 ID_006 3.21 2.11 3.609
1275403678.331012 ID_001 2.69 1.03 1.993 ID_002 3.74 2.83 6.165 ID_003 2.24 1.83 5.195 ID_004 3.22 1.40 3.074 ID_005 1.98 1.33 6.247 ID_006 3.15 2.16 3.643
1275403683.336012 ID_001 2.77 1.06 1.694 ID_002 3.76 2.81 6.026 ID_003 2.29 1.96 5.053 ID_004 3.25 1.39 3.110 ID_005 1.90 1.44 0.271 ID_006 3.19 2.14 3.610
1275403688.341155 ID_001 2.81 1.07 1.832 ID_002 2.26 2.52 4.949 ID_003 2.04 1.93 5.821 ID_004 3.20 1.39 2.897 ID_005 1.97 1.38 0.208 ID_006 3.19 2.11 3.788
1275403693.346150 ID_001 2.66 1.06 1.793 ID_002 2.57 2.78 4.904 ID_003 2.03 1.92 5.832 ID_004 3.22 1.45 2.829 ID_005 2.01 1.25 0.546 ID_006 3.12 2.09 3.788
1275403698.351153 ID_001 2.66 1.05 1.696 ID_002 2.37 2.53 5.092 ID_003 2.08 1.92 5.881 ID_004 3.20 1.47 2.861 ID_005 2.01 1.27 6.732 ID_006 3.07 2.11 3.830
1275403703.356157 ID_001 2.66 1.07 1.990 ID_002 2.37 2.56 5.107 ID_003 2.06 1.92 5.780 ID_004 3.20 1.45 2.717 ID_005 1.96 1.27 0.537 ID_006 3.12 2.13 3.796
1275403708.294536 ID_001 2.64 1.06 2.640 ID_002 3.20 2.71 5.857 ID_003 1.96 2.06 5.666 ID_004 3.14 1.31 2.875 ID_005 2.00 1.26 6.714 ID_006 3.24 2.13 3.667
1275403713.299528 ID_001 2.64 1.03 1.775 ID_002 3.64 2.63 6.121 ID_003 1.98 2.02 5.509 ID_004 3.18 1.32 2.607 ID_005 1.82 1.28 0.661 ID_006 3.13 2.19 3.813
1275403718.304529 ID_001 2.67 1.05 1.980 ID_002 2.48 2.76 4.464 ID_003 1.94 2.01 -0.429 ID_004 3.71 1.80 2.348 ID_005 1.94 1.25 0.373 ID_006 3.12 2.10 3.791
1275403723.309651 ID_001 3.12 1.02 0.216 ID_002 2.51 2.75 4.304 ID_003 1.78 2.15 -0.282 ID_004 3.35 1.51 3.221 ID_005 1.92 1.24 0.871 ID_006 3.12 2.12 3.757
1275403728.314651 ID_001 4.07 1.55 2.706 ID_002 2.44 2.72 4.485 ID_003 1.97 2.08 -0.602 ID_004 2.62 1.12 2.099 ID_005 1.74 1.14 0.812 ID_006 3.11 2.08 3.832
1275403733.319651 ID_001 3.88 1.37 2.981 ID_002 2.52 2.70 4.590 ID_003 1.93 2.00 5.720 ID_004 2.63 1.07 1.315 ID_005 2.00 1.18 0.748 ID_006 3.10 2.11 3.799
1275403738.324654 ID_001 3.13 1.41 2.818 ID_002 2.31 2.50 5.157 ID_003 1.94 2.02 -0.522 ID_004 2.59 1.05 1.900 ID_005 1.97 1.18 0.682 ID_006 3.06 2.11 3.656
1275403743.329787 ID_001 3.14 1.34 2.504 ID_002 2.35 2.51 5.044 ID_003 1.78 1.71 5.872 ID_004 2.63 1.10 1.599 ID_005 2.00 1.18 0.621 ID_006 3.12 2.07 3.663
1275403748.334785 ID_001 3.09 1.28 2.777 ID_002 2.46 2.56 5.023 ID_003 1.96 1.92 5.734 ID_004 2.62 0.80 1.353 ID_005 1.96 1.12 0.652 ID_006 3.15 2.09 3.703
1275403753.339810 ID_001 3.15 1.34 2.860 ID_002 2.32 2.73 4.904 ID_003 1.97 1.91 5.834 ID_004 2.70 0.84 1.653 ID_005 1.95 1.13 0.391 ID_006 3.14 2.07 3.703
1275403758.344784 ID_001 3.13 1.33 2.836 ID_002 2.33 2.73 4.729 ID_003 2.00 1.82 5.839 ID_004 2.66 0.82 1.665 ID_005 1.94 1.12 0.605 ID_006 3.11 2.09 3.687
1275403763.349906 ID_001 3.12 1.27 2.790 ID_002 2.49 3.03 5.056 ID_003 2.02 2.18 0.340 ID_004 2.65 0.82 1.624 ID_005 1.89 1.10 0.741 ID_006 3.16 2.08 3.619
1275403768.288162 ID_001 3.20 1.30 2.799 ID_002 1.74 2.19 3.409 ID_003 3.23 3.06 4.004 ID_004 2.69 0.83 1.920 ID_005 1.91 1.11 0.467 ID_006 3.11 2.03 3.854
1275403773.293175 ID_001 3.20 1.27 2.757 ID_002 1.38 2.07 5.790 ID_003 3.73 2.94 4.607 ID_004 2.62 0.83 1.713 ID_005 1.72 0.98 1.684 ID_006 3.12 2.08 3.361
1275403778.298192 ID_001 3.18 1.32 2.677 ID_002 1.98 1.80 6.006 ID_003 2.51 2.17 4.703 ID_004 2.70 0.84 1.896 ID_005 1.98 1.07 0.582 ID_006 3.08 2.24 4.070
1275403783.303316 ID_001 3.19 1.26 2.427 ID_002 1.96 1.82 5.898 ID_003 2.49 2.14 4.713 ID_004 2.70 0.83 2.051 ID_005 1.95 1.09 0.752 ID_006 3.07 2.03 3.695
1275403788.308301 ID_001 3.05 1.12 2.277 ID_002 1.73 1.73 6.037 ID_003 2.25 2.30 5.078 ID_004 2.52 0.80 1.500 ID_005 1.88 1.04 0.662 ID_006 3.12 2.05 3.605
1275403793.313944 ID_001 3.11 1.16 2.571 ID_002 1.82 1.84 5.855 ID_003 2.32 2.14 4.784 ID_004 2.61 0.80 1.799 ID_005 1.71 0.98 0.673 ID_006 3.06 2.10 3.729
1275403798.319455 ID_001 3.94 1.68 2.320 ID_002 1.78 1.86 5.841 ID_003 2.59 2.04 4.662 ID_004 2.49 0.77 1.237 ID_005 1.73 1.07 0.803 ID_006 3.02 2.30 5.204
1275403803.323411 ID_001 3.13 1.16 2.615 ID_002 1.86 1.83 -0.528 ID_003 2.44 1.90 4.782 ID_004 2.77 0.66 1.747 ID_005 1.93 1.03 0.708 ID_006 3.06 2.02 4.173
1275403808.328418 ID_001 3.18 1.19 2.786 ID_002 1.83 1.78 5.735 ID_003 2.47 2.12 4.927 ID_004 2.51 0.79 1.870 ID_005 1.72 0.89 0.642 ID_006 3.08 1.95 4.078
1275403813.333425 ID_001 3.17 1.18 2.736 ID_002 1.81 1.81 5.692 ID_003 2.42 2.04 4.949 ID_004 2.53 0.80 1.648 ID_005 1.88 0.98 0.941 ID_006 3.06 1.89 4.051
1275403818.338516 ID_001 2.98 1.30 2.725 ID_002 1.86 1.89 -0.539 ID_003 2.42 2.12 4.954 ID_004 2.51 0.81 1.673 ID_005 1.59 0.87 0.756 ID_006 3.09 1.97 4.035
1275403823.343547 ID_001 2.88 1.35 2.876 ID_002 1.85 1.81 5.743 ID_003 2.43 2.32 4.833 ID_004 2.60 0.60 2.368 ID_005 1.82 0.93 0.674 ID_006 3.05 1.96 3.826
1275403828.348548 ID_001 3.00 1.36 4.405 ID_002 1.83 1.79 5.793 ID_003 2.21 2.15 5.136 ID_004 2.49 0.56 0.368 ID_005 1.76 0.63 0.760 ID_006 3.03 2.06 4.096
1275403833.353544 ID_001 2.85 1.38 6.473 ID_002 2.31 2.83 0.129 ID_003 2.42 1.99 5.115 ID_004 2.22 0.59 1.070 ID_005 1.62 1.22 0.483 ID_006 2.95 2.07 3.940
1275403838.291815 ID_001 2.99 1.30 0.392 ID_002 3.70 2.56 6.502 ID_003 2.28 2.30 5.266 ID_004 2.41 0.56 1.829 ID_005 1.74 1.55 0.142 ID_006 2.98 2.04 -2.194
1275403843.296930 ID_001 3.54 1.43 0.621 ID_002 3.41 3.27 4.873 ID_003 2.18 2.01 5.330 ID_004 2.53 1.16 5.998 ID_005 1.74 1.51 6.277 ID_006 2.99 2.08 4.199
1275403848.368667 ID_001 3.84 1.63 2.333 ID_002 1.03 3.43 2.357 ID_003 2.39 1.94 4.073 ID_004 2.72 0.87 1.780 ID_005 1.54 1.54 0.525 ID_006 3.01 2.06 4.234
1275403853.306945 ID_001 4.07 1.54 1.780 ID_002 0.99 4.00 -0.734 ID_003 2.55 2.60 -0.226 ID_004 3.53 2.19 0.838 ID_005 1.77 1.40 0.828 ID_006 2.93 2.29 4.672
1275403858.311932 ID_001 3.69 1.69 1.089 ID_002 2.43 2.52 5.164 ID_003 3.29 2.26 4.913 ID_004 3.75 2.64 6.060 ID_005 1.79 1.88 0.714 ID_006 2.23 1.55 1.592
1275403863.317062 ID_001 3.66 1.62 1.541 ID_002 2.64 2.89 4.814 ID_003 3.31 2.26 4.767 ID_004 3.73 2.63 6.045 ID_005 1.81 2.33 6.059 ID_006 2.40 1.90 1.445
1275403868.322066 ID_001 3.73 1.61 1.102 ID_002 2.49 3.03 4.520 ID_003 3.53 2.46 4.209 ID_004 4.21 3.18 3.323 ID_005 1.86 2.65 -0.462 ID_006 2.46 2.00 1.668
1275403873.327062 ID_001 4.21 1.70 1.530 ID_002 2.49 3.03 4.653 ID_003 3.19 2.70 4.271 ID_004 4.42 2.98 3.748 ID_005 1.87 2.64 -0.425 ID_006 2.41 2.12 1.498
1275403878.332049 ID_001 4.18 1.69 1.583 ID_002 2.65 3.05 4.531 ID_003 3.21 2.53 5.258 ID_004 4.42 2.99 3.718 ID_005 1.85 2.67 -0.276 ID_006 2.36 2.13 1.152
1275403883.337188 ID_001 3.89 1.67 1.551 ID_002 2.65 3.04 4.783 ID_003 3.15 2.48 4.273 ID_004 4.08 3.07 -1.821 ID_005 1.70 2.93 0.057 ID_006 2.38 2.11 1.486
1275403888.342184 ID_001 3.78 1.68 0.931 ID_002 2.75 3.17 4.718 ID_003 3.19 2.41 4.340 ID_004 3.94 2.95 4.419 ID_005 1.85 2.72 -0.103 ID_006 2.37 2.11 1.310
1275403893.347191 ID_001 3.92 1.71 0.859 ID_002 2.67 3.20 4.527 ID_003 3.28 2.76 3.157 ID_004 3.91 3.09 4.555 ID_005 1.85 2.74 -0.155 ID_006 2.41 2.12 1.494
1275403898.285559 ID_001 3.88 1.76 0.934 ID_002 2.68 3.11 4.610 ID_003 3.09 2.59 2.976 ID_004 3.86 3.07 4.490 ID_005 2.30 3.55 0.316 ID_006 2.38 2.12 1.236
1275403903.290563 ID_001 3.83 1.74 0.765 ID_002 2.68 3.11 4.762 ID_003 3.12 2.58 2.946 ID_004 3.87 2.77 4.333 ID_005 3.46 3.08 4.815 ID_006 2.40 2.26 1.171
1275403908.295558 ID_001 3.46 1.67 0.242 ID_002 2.54 3.15 4.599 ID_003 3.03 2.26 2.421 ID_004 4.05 2.88 4.124 ID_005 3.59 2.48 0.298 ID_006 2.41 2.27 1.123
1275403913.300598 ID_001 3.69 1.60 0.744 ID_002 2.73 3.22 4.757 ID_003 3.18 2.36 3.041 ID_004 3.77 2.64 5.120 ID_005 3.28 3.80 4.970 ID_006 2.42 2.25 1.096
1275403918.305692 ID_001 3.65 1.59 0.618 ID_002 2.67 3.23 4.716 ID_003 3.30 2.10 0.245 ID_004 3.58 3.37 5.111 ID_005 4.25 2.84 4.650 ID_006 2.41 2.26 1.044
1275403923.310708 ID_001 3.61 1.59 0.641 ID_002 2.67 3.23 4.703 ID_003 3.20 2.25 0.761 ID_004 3.54 3.46 4.846 ID_005 4.29 2.95 4.793 ID_006 2.44 2.34 1.091
1275403928.315704 ID_001 3.64 1.58 0.784 ID_002 2.51 3.09 4.985 ID_003 3.52 2.50 1.145 ID_004 3.97 3.67 4.823 ID_005 4.52 3.16 3.077 ID_006 2.50 2.29 0.916
1275403933.320720 ID_001 3.67 1.60 0.758 ID_002 2.62 3.16 5.412 ID_003 3.36 2.88 0.691 ID_004 4.23 3.86 4.215 ID_005 4.53 3.13 2.967 ID_006 2.45 2.31 0.757
1275403938.325848 ID_001 3.63 1.57 0.796 ID_002 2.59 3.15 5.531 ID_003 3.47 2.56 5.975 ID_004 4.27 3.89 4.224 ID_005 4.47 3.14 3.072 ID_006 2.54 2.35 0.943
1275403943.330824 ID_001 3.67 1.60 0.889 ID_002 2.61 3.17 5.468 ID_003 3.40 2.46 5.053 ID_004 3.87 3.12 4.575 ID_005 4.51 3.13 3.109 ID_006 2.58 2.34 1.150
1275403948.335833 ID_001 3.70 1.78 1.029 ID_002 2.60 3.15 4.791 ID_003 3.55 2.44 5.088 ID_004 3.85 3.16 4.596 ID_005 4.51 3.14 3.142 ID_006 2.52 2.36 1.120
1275403953.340846 ID_001 3.98 1.33 3.044 ID_002 2.40 3.13 5.541 ID_003 3.38 2.50 5.810 ID_004 3.26 3.68 4.640 ID_005 4.31 3.22 4.624 ID_006 2.58 2.35 1.208
1275403958.345846 ID_001 2.67 1.05 0.796 ID_002 2.55 3.14 5.708 ID_003 3.23 2.40 4.490 ID_004 3.28 3.75 4.517 ID_005 4.32 3.31 3.898 ID_006 2.57 2.34 1.395
1275403963.350981 ID_001 2.98 2.00 1.238 ID_002 2.58 3.18 5.700 ID_003 3.67 2.16 -0.337 ID_004 3.58 3.60 4.574 ID_005 4.53 3.22 3.139 ID_006 2.35 2.43 1.362
1275403968.289219 ID_001 2.72 3.57 3.604 ID_002 2.51 3.13 5.538 ID_003 3.01 2.31 1.160 ID_004 3.49 2.67 6.015 ID_005 4.53 3.24 3.102 ID_006 2.29 2.48 1.322
1275403973.294248 ID_001 2.77 1.59 0.127 ID_002 2.51 3.12 5.681 ID_003 3.16 2.56 2.759 ID_004 3.86 1.59 2.406 ID_005 4.54 3.20 3.016 ID_006 2.40 2.35 1.123
1275403978.299344 ID_001 3.48 2.41 4.976 ID_002 2.59 3.20 5.547 ID_003 3.16 2.98 4.935 ID_004 3.29 1.76 2.306 ID_005 4.24 3.34 4.723 ID_006 2.35 2.40 0.713
1275403983.304365 ID_001 3.53 1.65 -0.190 ID_002 2.59 3.17 5.516 ID_003 4.28 2.82 -2.662 ID_004 2.97 2.17 1.161 ID_005 4.39 3.41 4.476 ID_006 2.32 2.47 0.969
1275403988.309370 ID_001 3.54 1.91 1.454 ID_002 2.59 3.15 5.409 ID_003 3.67 3.47 3.825 ID_004 3.13 3.64 -0.328 ID_005 4.40 3.30 4.597 ID_006 2.35 2.46 0.988
1275403993.314354 ID_001 3.24 2.16 1.413 ID_002 2.61 3.15 4.957 ID_003 3.61 3.64 4.303 ID_004 3.08 3.79 5.206 ID_005 4.48 3.14 3.070 ID_006 2.45 2.42 1.169
1275403998.319538 ID_001 3.02 3.54 2.745 ID_002 2.56 3.06 5.458 ID_003 3.80 3.70 3.881 ID_004 3.10 4.68 5.091 ID_005 4.51 3.21 3.046 ID_006 2.51 2.39 1.243
1275404003.324510 ID_001 3.11 3.49 2.512 ID_002 3.56 2.36 4.944 ID_003 3.67 3.95 4.210 ID_004 2.71 4.56 4.829 ID_005 4.51 3.17 3.060 ID_006 2.82 1.84 0.838
1275404008.329534 ID_001 2.77 2.93 5.528 ID_002 3.03 2.35 6.030 ID_003 3.70 3.65 3.376 ID_004 3.03 4.02 4.287 ID_005 4.52 3.19 3.051 ID_006 3.62 1.76 7.101
1275404013.334532 ID_001 2.47 3.07 -0.675 ID_002 2.87 2.28 -0.059 ID_003 3.70 3.60 4.399 ID_004 2.96 3.57 5.198 ID_005 4.51 3.20 3.028 ID_006 3.43 1.67 1.284
1275404018.339641 ID_001 2.08 2.27 5.038 ID_002 2.88 2.26 0.826 ID_003 3.61 3.49 4.105 ID_004 2.87 3.44 5.597 ID_005 4.50 3.17 2.966 ID_006 3.39 1.63 1.453
1275404023.344644 ID_001 2.77 1.84 0.790 ID_002 2.65 2.43 0.278 ID_003 3.60 3.26 4.627 ID_004 2.82 3.16 6.329 ID_005 4.52 3.15 2.943 ID_006 3.39 1.64 1.375
1275404028.349655 ID_001 3.66 1.09 0.869 ID_002 2.69 2.37 -0.048 ID_003 3.13 2.95 4.733 ID_004 4.07 3.64 4.604 ID_005 4.50 3.15 3.157 ID_006 3.33 1.64 1.154
1275404033.354690 ID_001 3.87 1.45 1.566 ID_002 2.44 2.29 0.021 ID_003 3.20 3.15 5.384 ID_004 3.82 3.66 4.540 ID_005 4.50 3.15 3.179 ID_006 3.16 1.75 1.346
1275404038.293028 ID_001 4.01 1.23 1.606 ID_002 2.66 2.43 0.113 ID_003 3.17 3.15 5.323 ID_004 4.40 3.91 3.770 ID_005 4.51 3.16 2.829 ID_006 3.26 1.63 1.286
1275404043.298015 ID_001 3.70 1.22 1.140 ID_002 2.42 2.48 0.020 ID_003 3.60 2.38 6.319 ID_004 4.41 3.93 4.336 ID_005 4.49 3.18 2.989 ID_006 3.63 1.75 7.367
1275404048.303006 ID_001 4.07 1.26 1.293 ID_002 2.95 3.35 6.362 ID_003 2.89 2.23 5.322 ID_004 4.43 3.93 4.454 ID_005 4.50 3.18 3.108 ID_006 3.68 1.75 1.261
1275404053.308041 ID_001 4.03 1.27 1.398 ID_002 3.50 2.98 5.674 ID_003 2.94 2.52 5.889 ID_004 3.97 3.63 4.637 ID_005 4.50 3.15 3.121 ID_006 3.17 1.85 0.566
1275404058.313150 ID_001 4.02 1.25 1.444 ID_002 3.12 3.32 5.997 ID_003 2.65 2.36 -0.187 ID_004 3.63 2.52 6.123 ID_005 4.43 3.01 2.992 ID_006 3.10 1.86 0.871
1275404063.318142 ID_001 3.86 1.28 1.439 ID_002 3.12 3.22 6.059 ID_003 2.88 2.51 -0.063 ID_004 4.03 3.95 3.285 ID_005 4.53 3.13 3.124 ID_006 3.11 1.86 0.820
1275404068.323173 ID_001 3.84 1.41 1.469 ID_002 2.99 3.16 -0.467 ID_003 2.90 2.53 -0.123 ID_004 4.28 4.12 3.875 ID_005 4.51 3.13 3.105 ID_006 3.02 1.94 0.978
1275404073.328156 ID_001 4.47 1.82 2.846 ID_002 3.02 3.16 -0.479 ID_003 2.92 2.51 -0.165 ID_004 4.30 4.07 3.847 ID_005 4.52 3.13 3.125 ID_006 3.08 1.90 0.984
1275404078.333311 ID_001 4.37 1.67 1.879 ID_002 2.99 3.14 5.841 ID_003 3.07 2.48 0.331 ID_004 4.07 3.83 4.351 ID_005 4.52 3.12 3.076 ID_006 3.22 1.81 1.022
1275404113.301781 ID_001 3.82 1.63 1.070 ID_002 2.61 3.46 -0.117 ID_003 3.77 2.92 4.769 ID_004 4.47 3.81 3.084 ID_005 4.46 3.14 2.846 ID_006 3.40 2.27 0.242
1275404118.306806 ID_001 3.85 1.62 1.150 ID_002 2.60 3.47 0.144 ID_003 3.29 2.88 3.437 ID_004 4.47 3.83 3.080 ID_005 4.52 3.17 3.076 ID_006 3.15 2.31 0.544
1275404123.311779 ID_001 2.76 1.48 2.601 ID_002 2.62 3.45 6.287 ID_003 2.74 2.81 0.200 ID_004 4.49 3.89 3.072 ID_005 4.51 3.15 3.024 ID_006 3.25 2.15 0.934
1275404128.316794 ID_001 2.15 3.95 1.234 ID_002 2.51 3.35 6.103 ID_003 2.76 2.83 0.265 ID_004 4.48 3.86 3.036 ID_005 4.50 3.17 3.027 ID_006 3.53 2.27 1.377
1275404133.321822 ID_001 3.34 4.53 4.920 ID_002 2.59 3.46 6.131 ID_003 2.97 2.72 0.261 ID_004 4.44 3.87 3.077 ID_005 4.50 3.18 3.011 ID_006 3.69 2.31 0.491
1275404138.326914 ID_001 3.32 4.30 5.077 ID_002 2.61 3.43 6.001 ID_003 2.93 2.78 0.381 ID_004 4.41 3.83 3.092 ID_005 4.44 3.20 2.956 ID_006 3.32 2.07 1.134
1275404143.331898 ID_001 3.30 4.33 4.897 ID_002 2.59 3.43 -0.166 ID_003 3.00 2.73 0.184 ID_004 4.43 3.85 3.061 ID_005 4.50 3.16 3.046 ID_006 3.34 2.10 1.281
1275404148.336921 ID_001 3.30 4.33 4.756 ID_002 2.55 3.30 0.025 ID_003 2.89 2.79 0.398 ID_004 4.44 3.82 3.027 ID_005 4.48 3.17 3.030 ID_006 3.23 2.08 1.323
1275404153.341921 ID_001 3.30 4.34 4.790 ID_002 2.53 3.28 -0.134 ID_003 2.90 2.58 0.791 ID_004 4.48 3.85 3.052 ID_005 4.49 3.18 3.051 ID_006 3.38 2.12 1.353
1275404158.347078 ID_001 3.32 4.35 4.646 ID_002 2.56 3.33 6.285 ID_003 2.92 2.64 0.547 ID_004 4.49 3.85 3.060 ID_005 4.50 3.12 3.027 ID_006 3.40 2.23 1.653
1275404163.352078 ID_001 3.16 4.26 4.807 ID_002 2.54 3.39 0.051 ID_003 2.91 2.61 0.660 ID_004 4.51 3.83 2.965 ID_005 4.53 3.18 2.998 ID_006 3.43 2.23 2.151
1275404168.357095 ID_001 3.17 4.27 4.830 ID_002 2.54 3.34 0.243 ID_003 2.86 2.62 0.682 ID_004 4.52 3.86 3.097 ID_005 4.53 3.22 3.049 ID_006 3.32 2.04 1.575
1275404173.295456 ID_001 3.17 4.27 4.800 ID_002 2.63 3.48 5.950 ID_003 2.80 2.69 0.631 ID_004 4.53 3.83 3.034 ID_005 4.53 3.16 2.977 ID_006 3.31 2.04 1.655
1275404178.300437 ID_001 3.17 4.25 4.773 ID_002 2.55 3.39 6.051 ID_003 2.83 2.76 0.527 ID_004 4.54 3.85 3.095 ID_005 4.52 3.17 3.049 ID_006 3.37 2.15 1.736
1275404183.305435 ID_001 3.16 4.28 4.821 ID_002 2.55 3.37 6.080 ID_003 2.85 2.78 0.433 ID_004 4.53 3.88 3.091 ID_005 4.51 3.18 3.075 ID_006 3.37 2.28 1.503
1275404188.310436 ID_001 3.17 4.24 4.465 ID_002 2.61 3.49 6.273 ID_003 2.86 2.78 0.369 ID_004 4.53 3.87 3.137 ID_005 4.52 3.16 3.094 ID_006 3.27 2.26 1.325
1275404193.315500 ID_001 3.17 4.25 4.804 ID_002 2.61 3.48 6.239 ID_003 2.84 2.77 0.404 ID_004 4.51 3.87 3.073 ID_005 4.49 3.15 3.106 ID_006 3.30 2.26 1.353
1275404198.320577 ID_001 3.16 4.24 4.824 ID_002 2.60 3.45 6.163 ID_003 2.83 2.79 0.359 ID_004 4.49 3.88 3.094 ID_005 4.50 3.18 3.094 ID_006 3.35 2.27 1.394
1275404203.325579 ID_001 3.17 4.28 4.829 ID_002 2.59 3.48 6.203 ID_003 2.83 2.81 0.493 ID_004 4.52 3.86 3.097 ID_005 4.49 3.16 3.019 ID_006 3.33 2.29 1.549
1275404208.330542 ID_001 3.16 4.28 4.951 ID_002 2.56 3.41 6.167 ID_003 2.78 2.79 0.407 ID_004 4.50 3.86 3.120 ID_005 4.50 3.16 3.103 ID_006 3.40 2.16 2.024
1275404213.335682 ID_001 3.18 4.24 4.751 ID_002 2.59 3.26 6.052 ID_003 2.88 2.75 0.482 ID_004 4.45 3.93 3.053 ID_005 4.51 3.18 3.100 ID_006 3.35 2.37 1.329
1275404223.345668 ID_001 3.16 4.27 4.952 ID_002 3.57 1.43 1.786 ID_003 3.02 3.36 -0.082 ID_004 4.53 3.89 3.098 ID_005 4.50 3.21 3.108 ID_006 3.14 2.43 1.162
1275404228.350676 ID_001 3.17 4.27 5.009 ID_002 2.40 3.38 0.657 ID_003 3.06 3.56 0.495 ID_004 4.52 3.88 3.073 ID_005 4.50 3.20 3.101 ID_006 3.32 2.45 1.235
1275404238.294065 ID_001 3.20 4.18 4.751 ID_002 2.54 3.37 5.824 ID_003 2.62 2.75 6.122 ID_004 4.50 3.90 3.087 ID_005 4.49 3.21 3.120 ID_006 3.29 2.49 1.263
1275404243.299064 ID_001 3.19 4.24 4.818 ID_002 2.62 3.45 6.024 ID_003 2.81 2.91 0.288 ID_004 4.51 3.88 3.113 ID_005 4.48 3.22 3.076 ID_006 3.33 2.52 1.190
1275404248.304066 ID_001 3.39 4.22 4.901 ID_002 2.58 3.55 5.919 ID_003 2.89 3.01 0.534 ID_004 4.42 3.87 3.151 ID_005 4.49 3.21 3.132 ID_006 3.35 2.55 1.403
1275404253.309158 ID_001 3.37 4.25 4.934 ID_002 2.56 3.53 6.005 ID_003 2.86 3.01 0.482 ID_004 4.54 3.91 3.125 ID_005 4.50 3.20 3.100 ID_006 3.33 2.58 1.292
1275404258.314220 ID_001 3.38 4.28 4.825 ID_002 2.61 3.51 -0.186 ID_003 2.87 2.99 0.445 ID_004 4.53 3.88 3.095 ID_005 4.50 3.20 3.140 ID_006 3.30 2.57 1.241
1275404263.319188 ID_001 3.40 4.17 4.732 ID_002 2.71 3.45 5.996 ID_003 2.87 2.99 0.465 ID_004 4.52 3.91 3.095 ID_005 4.49 3.18 3.128 ID_006 3.31 2.56 1.247
1275404268.324166 ID_001 3.35 4.24 4.857 ID_002 2.69 3.51 6.180 ID_003 2.97 2.89 0.385 ID_004 4.53 3.89 3.091 ID_005 4.51 3.20 3.127 ID_006 3.35 2.52 1.286
1275404273.329329 ID_001 3.35 4.25 4.866 ID_002 2.76 3.42 6.063 ID_003 2.96 2.89 0.406 ID_004 4.52 3.90 3.141 ID_005 4.50 3.18 3.103 ID_006 3.41 2.57 1.361
1275404278.334348 ID_001 3.36 4.24 4.912 ID_002 2.76 3.48 5.975 ID_003 3.04 2.93 0.518 ID_004 4.48 3.90 3.102 ID_005 4.49 3.18 3.110 ID_006 3.38 2.52 1.393
1275404283.339347 ID_001 3.35 4.26 4.738 ID_002 2.08 3.73 0.116 ID_003 2.97 3.04 6.484 ID_004 4.52 3.89 3.095 ID_005 4.50 3.20 3.121 ID_006 3.31 2.54 1.346
1275404288.344318 ID_001 3.35 4.25 4.671 ID_002 2.56 3.46 6.082 ID_003 2.90 2.99 0.618 ID_004 4.53 3.89 3.147 ID_005 4.50 3.19 3.120 ID_006 3.30 2.54 1.299
1275404293.349437 ID_001 3.35 4.22 4.785 ID_002 2.58 3.50 6.037 ID_003 2.95 3.00 0.323 ID_004 4.51 3.82 3.122 ID_005 4.50 3.25 3.133 ID_006 3.36 2.58 7.586
1275404298.354409 ID_001 3.34 4.23 4.847 ID_002 2.50 3.46 6.157 ID_003 3.04 3.07 6.778 ID_004 4.55 3.86 3.109 ID_005 4.50 3.27 3.151 ID_006 3.35 2.57 1.390
1275404303.292696 ID_001 3.42 4.30 4.585 ID_002 2.55 3.53 5.641 ID_003 2.97 2.99 6.449 ID_004 4.56 3.86 3.135 ID_005 4.50 3.26 3.022 ID_006 3.36 2.54 1.325
1275404308.297811 ID_001 2.48 2.26 5.812 ID_002 2.55 3.59 5.976 ID_003 2.90 3.07 -0.349 ID_004 4.54 3.88 3.166 ID_005 4.47 3.30 3.094 ID_006 3.33 2.58 1.271
1275404313.302815 ID_001 4.37 1.60 2.136 ID_002 2.50 3.47 0.014 ID_003 2.89 2.90 6.389 ID_004 4.54 3.86 3.211 ID_005 4.46 3.29 3.095 ID_006 3.39 2.64 1.311
1275404318.307805 ID_001 4.29 1.57 1.535 ID_002 3.43 4.02 5.843 ID_003 2.91 3.18 6.036 ID_004 4.54 3.84 3.117 ID_005 4.49 3.29 3.155 ID_006 3.31 2.55 1.304
1275404323.312789 ID_001 4.22 1.57 1.562 ID_002 3.23 3.73 5.715 ID_003 2.88 3.18 6.112 ID_004 4.54 3.86 3.126 ID_005 4.45 3.10 3.093 ID_006 3.29 2.57 1.344
1275404328.317947 ID_001 4.32 1.58 1.876 ID_002 3.19 4.12 5.823 ID_003 2.93 3.18 6.382 ID_004 4.51 3.84 3.108 ID_005 4.50 3.20 3.105 ID_006 3.34 2.53 1.425
1275404333.322939 ID_001 4.32 1.58 2.059 ID_002 3.34 3.86 5.809 ID_003 2.98 3.19 0.074 ID_004 4.49 3.84 3.107 ID_005 4.47 3.16 3.101 ID_006 3.36 2.53 1.384
1275404338.327936 ID_001 2.45 2.58 1.745 ID_002 3.34 3.89 5.776 ID_003 2.87 3.24 6.326 ID_004 4.43 3.93 2.909 ID_005 4.47 3.26 2.691 ID_006 3.34 2.51 1.510
1275404343.332948 ID_001 3.07 4.95 0.318 ID_002 3.40 3.95 5.804 ID_003 2.90 2.98 6.191 ID_004 3.93 4.20 4.086 ID_005 4.52 3.28 3.123 ID_006 3.34 2.45 1.977
1275404348.338042 ID_001 4.37 4.54 4.346 ID_002 3.20 4.05 6.225 ID_003 3.11 3.20 5.608 ID_004 3.80 2.85 4.442 ID_005 4.30 3.59 2.916 ID_006 3.30 2.44 2.034
1275404353.343070 ID_001 4.49 4.46 4.685 ID_002 3.21 4.11 6.191 ID_003 3.11 3.19 5.665 ID_004 3.91 2.92 4.724 ID_005 4.51 3.74 3.065 ID_006 3.32 2.47 1.936
1275404358.348109 ID_001 4.35 4.47 4.602 ID_002 3.09 3.88 -0.472 ID_003 2.94 2.96 -0.031 ID_004 4.08 3.12 2.020 ID_005 4.51 3.76 3.074 ID_006 3.44 2.54 1.987
1275404363.353086 ID_001 4.38 4.49 4.487 ID_002 3.45 3.92 5.973 ID_003 3.11 3.20 5.881 ID_004 4.08 3.16 1.549 ID_005 4.47 3.73 3.064 ID_006 3.33 2.54 1.646
1275404368.291449 ID_001 4.39 4.49 -1.733 ID_002 3.53 3.90 -0.415 ID_003 3.09 3.22 5.825 ID_004 4.16 3.08 7.713 ID_005 4.49 3.71 3.000 ID_006 3.34 2.56 1.658
1275404373.296461 ID_001 4.42 4.48 4.501 ID_002 3.55 3.90 5.855 ID_003 3.04 3.04 0.105 ID_004 4.19 3.06 1.459 ID_005 4.49 3.75 3.083 ID_006 3.35 2.55 1.480
1275404378.301451 ID_001 4.42 4.49 4.343 ID_002 3.50 3.97 -0.655 ID_003 3.22 3.36 0.003 ID_004 4.14 3.08 1.445 ID_005 4.47 3.76 3.078 ID_006 3.38 2.65 1.088
1275404383.306447 ID_001 4.38 4.49 4.252 ID_002 3.53 3.99 5.597 ID_003 3.26 3.36 -0.038 ID_004 4.05 3.04 1.493 ID_005 4.42 3.70 3.069 ID_006 3.47 2.59 1.335
1275404388.311571 ID_001 4.38 4.49 4.496 ID_002 3.54 4.00 5.662 ID_003 3.24 3.39 0.085 ID_004 4.04 3.06 1.394 ID_005 4.47 3.73 3.054 ID_006 3.45 2.78 1.200
1275404393.316614 ID_001 4.39 4.49 4.482 ID_002 3.41 3.91 -0.536 ID_003 3.20 3.34 0.026 ID_004 4.15 3.18 1.393 ID_005 4.46 3.78 3.102 ID_006 3.51 2.78 1.037
1275404398.321562 ID_001 4.40 4.48 4.416 ID_002 3.45 4.24 5.748 ID_003 3.33 3.52 0.166 ID_004 4.32 3.18 1.633 ID_005 4.41 3.79 3.041 ID_006 3.46 2.94 0.895
1275404403.326587 ID_001 4.39 4.49 4.286 ID_002 3.28 4.26 -0.600 ID_003 3.25 3.43 0.169 ID_004 4.32 3.23 1.712 ID_005 4.43 3.78 3.050 ID_006 3.54 2.89 1.114
1275404408.331715 ID_001 4.39 4.50 4.381 ID_002 3.30 4.31 5.663 ID_003 3.25 3.45 0.140 ID_004 4.33 3.21 1.698 ID_005 4.44 3.78 3.067 ID_006 3.47 2.92 0.946
1275404413.336719 ID_001 4.42 4.49 4.309 ID_002 3.19 4.12 5.738 ID_003 3.27 3.45 0.118 ID_004 4.30 3.20 1.755 ID_005 4.47 3.76 3.077 ID_006 3.36 2.62 0.193
1275404418.341711 ID_001 4.39 4.48 4.512 ID_002 3.48 4.20 5.757 ID_003 3.24 3.46 -0.118 ID_004 4.31 3.19 1.750 ID_005 4.42 3.76 3.069 ID_006 3.63 2.99 1.250
1275404423.346712 ID_001 4.40 4.48 4.428 ID_002 3.39 4.29 5.647 ID_003 3.08 3.67 0.695 ID_004 4.36 3.22 3.037 ID_005 4.46 3.79 3.041 ID_006 3.64 3.12 0.854
1275404428.351845 ID_001 4.43 4.48 4.523 ID_002 3.35 4.20 5.729 ID_003 3.23 3.59 -0.125 ID_004 4.58 3.16 3.060 ID_005 4.47 3.75 3.086 ID_006 3.62 3.13 0.957
1275404433.356831 ID_001 4.45 4.49 4.391 ID_002 3.37 4.21 -0.557 ID_003 3.21 3.46 0.103 ID_004 4.53 3.19 3.113 ID_005 4.47 3.75 3.080 ID_006 3.68 3.13 0.980
1275404438.295091 ID_001 4.41 4.48 4.157 ID_002 3.06 4.50 6.078 ID_003 3.22 3.52 6.247 ID_004 4.53 3.18 3.087 ID_005 4.42 3.80 3.083 ID_006 3.64 3.15 0.859
1275404443.300087 ID_001 4.42 4.49 4.281 ID_002 3.34 4.26 5.871 ID_003 3.28 3.70 0.141 ID_004 4.52 3.17 3.051 ID_005 4.41 3.76 3.044 ID_006 3.66 3.12 0.978
1275404448.305198 ID_001 4.40 4.49 4.305 ID_002 3.32 4.24 5.757 ID_003 3.27 3.68 0.154 ID_004 4.52 3.17 3.102 ID_005 4.44 3.76 3.069 ID_006 3.67 3.12 1.009
1275404453.310207 ID_001 4.37 4.49 4.038 ID_002 3.38 4.42 5.775 ID_003 3.33 3.63 0.060 ID_004 4.52 3.17 3.049 ID_005 4.40 3.77 3.053 ID_006 3.65 3.11 0.948
1275404458.315214 ID_001 4.41 4.49 -1.897 ID_002 3.30 4.21 5.651 ID_003 3.34 3.61 0.114 ID_004 4.52 3.16 3.098 ID_005 4.44 3.75 3.048 ID_006 3.61 3.13 0.886
1275404463.320200 ID_001 4.39 4.49 4.356 ID_002 3.32 4.24 -0.606 ID_003 3.32 3.65 0.176 ID_004 4.51 3.17 3.071 ID_005 4.45 3.76 3.046 ID_006 3.59 3.15 0.945
1275404468.325352 ID_001 4.39 4.46 -1.830 ID_002 3.25 4.38 5.560 ID_003 3.26 3.83 -0.152 ID_004 4.54 3.19 3.115 ID_005 4.46 3.75 3.082 ID_006 3.55 3.18 0.813
1275404473.330331 ID_001 4.41 4.48 -1.732 ID_002 3.20 4.41 5.626 ID_003 3.26 3.83 -0.202 ID_004 4.53 3.18 3.067 ID_005 4.48 3.79 3.056 ID_006 3.54 3.19 0.817
1275404478.335330 ID_001 4.39 4.50 -1.739 ID_002 3.22 4.18 5.665 ID_003 3.13 3.53 0.168 ID_004 4.52 3.16 3.122 ID_005 4.46 3.71 3.090 ID_006 3.52 3.13 0.851
1275404483.340341 ID_001 4.38 4.45 -1.671 ID_002 3.35 4.31 5.641 ID_003 3.19 3.60 -0.341 ID_004 4.48 3.18 3.074 ID_005 4.46 3.77 3.077 ID_006 3.53 3.13 0.851
1275404488.345458 ID_001 4.39 4.47 4.524 ID_002 3.20 4.47 5.536 ID_003 3.29 3.83 0.193 ID_004 4.48 3.19 3.055 ID_005 4.39 3.80 3.032 ID_006 3.55 3.16 0.777
1275404493.350478 ID_001 4.08 4.68 3.519 ID_002 3.47 4.49 5.501 ID_003 3.32 3.83 0.054 ID_004 4.31 3.17 2.956 ID_005 4.45 3.83 3.000 ID_006 3.51 3.17 1.038
1275404498.355477 ID_001 4.00 4.75 4.396 ID_002 3.18 4.66 5.043 ID_003 3.26 3.84 -0.075 ID_004 4.56 3.22 3.141 ID_005 4.52 3.80 3.085 ID_006 3.53 3.19 0.797
1275404503.293841 ID_001 4.01 4.84 4.544 ID_002 2.98 4.52 5.588 ID_003 3.26 3.83 0.032 ID_004 4.56 3.19 3.117 ID_005 4.48 3.70 3.133 ID_006 3.52 3.19 0.962
1275404508.298834 ID_001 4.00 4.85 4.381 ID_002 2.97 4.55 5.614 ID_003 3.18 3.65 0.158 ID_004 4.56 3.18 3.123 ID_005 4.48 3.75 3.082 ID_006 3.55 3.13 0.984
1275404513.303829 ID_001 4.19 4.58 4.713 ID_002 2.94 4.55 5.610 ID_003 3.15 3.83 0.263 ID_004 4.55 3.19 3.117 ID_005 4.47 3.74 3.056 ID_006 3.56 3.14 0.870
1275404518.308836 ID_001 4.39 4.52 4.458 ID_002 2.99 4.62 5.463 ID_003 3.15 3.83 0.271 ID_004 4.55 3.21 3.113 ID_005 4.47 3.75 3.090 ID_006 3.57 3.13 0.880
1275404523.313944 ID_001 4.35 4.52 4.345 ID_002 3.54 4.31 5.216 ID_003 3.23 3.71 0.099 ID_004 4.55 3.17 3.122 ID_005 4.43 3.71 3.108 ID_006 3.53 3.22 0.848
1275404528.318974 ID_001 4.37 4.54 4.468 ID_002 3.19 4.50 5.615 ID_003 3.26 3.71 0.358 ID_004 4.54 3.19 3.115 ID_005 4.43 3.74 3.105 ID_006 3.51 3.05 0.758
1275404533.323992 ID_001 4.43 4.53 4.621 ID_002 3.34 4.32 5.530 ID_003 3.20 3.64 0.189 ID_004 4.51 3.18 3.083 ID_005 4.43 3.77 3.057 ID_006 3.61 3.16 0.895
1275404538.328930 ID_001 4.42 4.51 4.448 ID_002 2.71 4.89 4.661 ID_003 2.58 3.22 4.893 ID_004 4.32 3.18 2.787 ID_005 3.67 3.82 2.870 ID_006 3.45 3.22 0.428
1275404543.334092 ID_001 4.29 4.50 4.221 ID_002 1.67 4.02 5.980 ID_003 1.78 2.78 1.073 ID_004 3.15 3.31 2.664 ID_005 2.42 4.57 4.920 ID_006 3.10 2.48 2.182
1275404548.339106 ID_001 3.64 2.22 6.346 ID_002 1.81 3.90 0.082 ID_003 2.13 3.33 0.564 ID_004 3.16 4.11 2.648 ID_005 2.37 4.46 4.617 ID_006 3.09 2.77 2.243
1275404553.344074 ID_001 3.59 1.72 1.307 ID_002 1.78 3.82 0.275 ID_003 2.16 3.33 1.211 ID_004 3.29 4.13 4.016 ID_005 2.50 4.58 4.605 ID_006 3.05 2.85 2.043
1275404558.349072 ID_001 2.88 2.01 2.477 ID_002 1.81 3.97 0.394 ID_003 2.58 3.34 1.136 ID_004 3.05 4.25 3.623 ID_005 2.38 4.57 4.450 ID_006 2.60 2.75 1.915
1275404563.354216 ID_001 0.92 3.91 2.032 ID_002 2.08 3.92 0.498 ID_003 2.45 3.43 1.184 ID_004 3.07 4.26 3.745 ID_005 2.45 4.52 4.800 ID_006 3.19 3.56 2.583
1275404568.292505 ID_001 1.03 5.61 1.515 ID_002 1.99 4.03 0.332 ID_003 2.42 3.46 1.294 ID_004 3.04 4.24 3.791 ID_005 2.39 4.68 4.592 ID_006 3.17 3.48 2.629
1275404573.297475 ID_001 1.85 4.94 5.178 ID_002 1.96 4.04 0.451 ID_003 2.47 3.35 1.617 ID_004 3.09 4.25 3.583 ID_005 2.55 4.91 4.651 ID_006 3.15 3.47 2.553
1275404578.302505 ID_001 1.90 4.74 5.581 ID_002 2.06 3.92 0.569 ID_003 2.46 3.30 1.298 ID_004 3.09 4.22 3.282 ID_005 2.57 4.88 4.787 ID_006 3.13 3.44 2.598
1275404583.307583 ID_001 1.92 4.78 5.327 ID_002 2.03 3.95 0.757 ID_003 2.55 3.41 1.742 ID_004 3.10 4.19 3.303 ID_005 2.62 4.84 4.515 ID_006 3.17 3.54 2.607
1275404588.312568 ID_001 1.90 4.78 5.465 ID_002 2.02 3.94 0.744 ID_003 2.54 3.39 1.716 ID_004 3.08 4.19 3.194 ID_005 2.70 4.92 4.678 ID_006 3.15 3.48 2.587
1275404593.317576 ID_001 1.89 4.77 5.333 ID_002 2.01 3.95 0.493 ID_003 2.52 3.37 1.748 ID_004 3.25 4.48 3.483 ID_005 2.59 4.94 4.669 ID_006 3.16 3.47 2.574
1275404598.322599 ID_001 1.92 4.79 5.492 ID_002 1.75 3.66 0.632 ID_003 2.58 3.51 2.246 ID_004 3.17 4.34 3.613 ID_005 2.59 4.95 4.385 ID_006 3.20 3.61 2.645
1275404603.327737 ID_001 1.91 4.80 5.326 ID_002 1.88 3.97 0.511 ID_003 2.45 3.65 1.755 ID_004 3.16 4.36 3.723 ID_005 2.57 4.96 4.552 ID_006 3.23 3.62 2.582
1275404608.332704 ID_001 1.90 4.60 5.892 ID_002 1.96 3.87 0.543 ID_003 2.55 3.53 1.890 ID_004 3.19 4.36 3.614 ID_005 2.71 5.05 4.634 ID_006 3.19 3.53 2.660
1275404613.337746 ID_001 1.95 4.71 5.342 ID_002 1.98 4.02 0.612 ID_003 2.51 3.59 1.612 ID_004 3.23 4.45 3.261 ID_005 2.73 5.03 4.770 ID_006 3.20 3.58 2.552
1275404618.342717 ID_001 1.94 4.73 5.467 ID_002 1.97 4.03 0.830 ID_003 2.49 3.68 1.697 ID_004 3.20 4.36 2.959 ID_005 2.87 4.97 4.618 ID_006 3.20 3.56 2.588
1275404623.347869 ID_001 1.94 4.73 5.433 ID_002 1.99 4.00 0.684 ID_003 2.45 3.66 1.021 ID_004 3.26 4.49 3.267 ID_005 2.76 4.95 4.443 ID_006 3.18 3.54 2.572
1275404628.352849 ID_001 1.94 4.70 5.441 ID_002 2.01 4.00 0.645 ID_003 2.44 3.63 1.466 ID_004 3.25 4.44 3.460 ID_005 2.76 4.97 4.477 ID_006 3.20 3.56 2.600
1275404633.291110 ID_001 1.94 4.72 5.591 ID_002 2.01 3.99 0.676 ID_003 2.48 3.64 1.534 ID_004 3.23 4.47 3.470 ID_005 2.78 4.99 4.698 ID_006 3.19 3.54 2.603
1275404638.296198 ID_001 1.94 4.71 5.481 ID_002 2.01 3.99 0.711 ID_003 2.53 3.28 1.739 ID_004 3.20 4.42 3.519 ID_005 2.75 5.05 4.544 ID_006 3.20 3.56 2.608
1275404643.301260 ID_001 1.95 4.68 5.831 ID_002 2.05 4.00 0.760 ID_003 2.68 3.60 1.739 ID_004 3.28 4.45 3.402 ID_005 2.74 5.03 4.734 ID_006 3.26 3.67 2.507
1275404648.306204 ID_001 1.92 4.69 5.407 ID_002 2.03 4.00 0.718 ID_003 2.60 3.64 1.404 ID_004 3.31 4.55 3.451 ID_005 2.67 5.07 4.932 ID_006 3.26 3.62 2.409
1275404653.311230 ID_001 1.89 4.68 5.400 ID_002 2.01 4.05 0.502 ID_003 2.65 3.71 1.692 ID_004 3.37 4.72 3.484 ID_005 2.76 5.09 4.792 ID_006 3.28 3.69 2.498
1275404658.316352 ID_001 1.99 4.74 5.412 ID_002 1.95 4.04 0.293 ID_003 2.56 3.69 1.404 ID_004 3.27 4.54 3.117 ID_005 2.94 5.18 4.305 ID_006 3.30 3.70 2.552
1275404663.321350 ID_001 2.00 4.74 5.486 ID_002 1.71 3.78 6.269 ID_003 2.59 3.60 1.320 ID_004 3.22 4.42 3.343 ID_005 2.64 5.01 4.537 ID_006 3.26 3.72 2.572
1275404668.326356 ID_001 1.99 4.76 5.610 ID_002 1.94 3.96 0.356 ID_003 2.62 3.72 1.768 ID_004 3.27 4.34 3.334 ID_005 2.79 5.01 4.765 ID_006 3.26 3.72 2.373
1275404673.331353 ID_001 1.97 4.73 5.370 ID_002 1.91 4.05 6.484 ID_003 2.52 3.72 1.348 ID_004 3.31 4.58 3.287 ID_005 2.72 4.96 4.621 ID_006 3.26 3.66 2.573
1275404678.336470 ID_001 1.97 4.70 -0.432 ID_002 1.97 4.07 0.694 ID_003 2.54 3.68 1.358 ID_004 3.28 4.57 3.412 ID_005 2.99 5.16 4.657 ID_006 3.25 3.66 2.470
1275404683.341480 ID_001 1.97 4.69 5.443 ID_002 2.00 4.02 0.523 ID_003 2.64 3.66 1.435 ID_004 3.29 4.54 3.353 ID_005 2.70 5.04 4.663 ID_006 3.29 3.71 2.570
1275404698.356593 ID_001 1.94 4.70 5.697 ID_002 1.60 3.99 0.309 ID_003 2.47 3.53 1.624 ID_004 3.29 4.55 3.321 ID_005 2.82 5.16 4.601 ID_006 3.04 3.85 2.528
1275404703.294851 ID_001 1.40 4.58 0.112 ID_002 1.86 3.84 0.476 ID_003 2.67 3.46 1.942 ID_004 3.33 4.52 3.422 ID_005 2.73 5.11 4.663 ID_006 3.25 3.75 2.679
1275404708.299862 ID_001 3.79 1.47 1.719 ID_002 1.87 3.84 0.564 ID_003 1.26 3.44 2.352 ID_004 3.39 4.54 4.139 ID_005 2.69 5.30 5.107 ID_006 3.29 4.03 3.528
1275404723.315002 ID_001 1.80 4.72 5.560 ID_002 1.96 3.65 0.803 ID_003 2.56 3.43 1.091 ID_004 3.20 3.21 2.177 ID_005 2.51 4.91 4.593 ID_006 3.29 4.00 3.804
1275404728.319980 ID_001 1.80 4.77 5.121 ID_002 1.89 3.46 1.431 ID_003 2.54 3.25 2.026 ID_004 3.26 3.65 2.439 ID_005 2.50 4.90 4.613 ID_006 3.28 4.23 3.422
1275404733.324991 ID_001 1.31 4.10 4.694 ID_002 1.89 3.85 1.135 ID_003 2.53 3.57 1.294 ID_004 3.03 3.76 2.205 ID_005 2.44 4.87 4.505 ID_006 3.52 4.41 3.732
1275404738.330131 ID_001 3.15 3.12 0.728 ID_002 1.67 4.47 -0.242 ID_003 2.50 3.53 1.222 ID_004 3.06 3.76 2.211 ID_005 2.48 4.87 4.565 ID_006 3.65 4.41 4.260
1275404743.335114 ID_001 3.63 3.78 2.534 ID_002 1.91 4.55 -0.274 ID_003 2.22 3.83 0.696 ID_004 3.01 3.71 2.151 ID_005 2.57 4.81 4.612 ID_006 3.63 4.37 3.550
1275404748.340182 ID_001 3.80 3.94 2.472 ID_002 1.79 4.35 0.218 ID_003 2.16 3.77 1.183 ID_004 3.02 3.71 1.995 ID_005 2.45 4.95 4.435 ID_006 3.66 4.51 4.527
1275404753.345089 ID_001 3.96 3.81 2.702 ID_002 1.78 4.31 0.136 ID_003 2.51 3.23 -0.273 ID_004 2.98 3.74 2.116 ID_005 2.36 4.86 4.183 ID_006 3.59 4.40 4.125
1275404758.350246 ID_001 3.82 3.96 3.467 ID_002 1.76 4.30 0.298 ID_003 3.32 3.56 0.966 ID_004 2.34 3.77 1.545 ID_005 2.39 4.85 4.105 ID_006 3.37 4.29 4.661
1275404763.355237 ID_001 4.08 3.47 4.010 ID_002 1.80 4.34 0.285 ID_003 3.43 3.44 6.589 ID_004 2.24 3.98 1.007 ID_005 2.49 4.93 4.604 ID_006 3.41 4.34 4.685
1275404768.293492 ID_001 4.06 3.17 3.472 ID_002 1.79 4.36 0.289 ID_003 3.33 2.97 6.222 ID_004 2.17 3.90 1.525 ID_005 2.32 4.82 4.624 ID_006 3.29 4.22 4.632
1275404773.298608 ID_001 3.36 3.08 3.494 ID_002 1.73 4.29 0.765 ID_003 2.89 3.27 1.692 ID_004 2.22 3.92 1.323 ID_005 2.26 4.75 4.709 ID_006 3.20 3.91 4.241
1275404778.303609 ID_001 3.56 3.21 1.992 ID_002 1.47 4.08 0.018 ID_003 2.87 3.36 1.576 ID_004 2.19 3.91 1.435 ID_005 2.42 4.91 4.579 ID_006 3.30 4.05 4.596
1275404783.308627 ID_001 3.83 3.36 2.826 ID_002 1.35 4.39 0.399 ID_003 2.94 3.19 6.425 ID_004 2.14 3.88 1.553 ID_005 2.28 4.82 4.180 ID_006 3.31 3.86 4.827
1275404788.313623 ID_001 4.05 3.08 3.913 ID_002 1.55 4.35 0.031 ID_003 2.64 3.47 1.403 ID_004 2.17 3.82 1.352 ID_005 2.16 4.72 4.491 ID_006 3.22 4.41 4.671
1275404793.318727 ID_001 3.70 3.59 3.654 ID_002 1.62 4.37 0.143 ID_003 2.96 2.58 2.447 ID_004 1.95 3.83 1.492 ID_005 2.10 4.76 4.615 ID_006 3.45 4.33 4.627
1275404798.323758 ID_001 3.54 3.62 3.102 ID_002 1.61 4.38 -0.117 ID_003 3.29 2.56 1.843 ID_004 1.98 3.87 1.504 ID_005 2.23 4.93 4.629 ID_006 3.31 4.29 4.705
1275404803.328835 ID_001 3.75 3.89 3.678 ID_002 2.79 3.13 5.923 ID_003 3.31 2.62 1.190 ID_004 2.05 4.11 1.602 ID_005 2.26 4.97 4.802 ID_006 3.08 3.91 -0.808
1275404808.333753 ID_001 3.89 3.77 3.949 ID_002 3.73 2.97 -0.284 ID_003 2.18 3.82 1.192 ID_004 1.62 4.38 -0.010 ID_005 2.24 4.96 4.500 ID_006 3.07 3.93 -0.849
1275404813.338873 ID_001 3.97 3.67 3.128 ID_002 3.68 2.74 -0.293 ID_003 2.11 4.00 0.586 ID_004 1.63 4.39 0.013 ID_005 2.15 4.87 4.612 ID_006 3.12 3.89 -0.746
1275404818.343878 ID_001 3.89 3.79 3.013 ID_002 1.72 3.56 1.995 ID_003 2.13 3.99 0.628 ID_004 1.63 4.38 0.113 ID_005 2.17 4.92 4.486 ID_006 3.11 3.86 -0.685
1275404823.348879 ID_001 3.30 3.45 2.676 ID_002 1.69 3.63 1.761 ID_003 2.34 4.15 2.263 ID_004 1.52 4.82 4.707 ID_005 2.13 4.89 4.425 ID_006 3.14 4.46 4.425
1275404828.353874 ID_001 3.36 3.79 2.509 ID_002 1.70 3.62 1.566 ID_003 2.26 4.11 2.293 ID_004 1.50 4.68 5.656 ID_005 2.03 4.91 4.282 ID_006 3.14 4.48 4.540
1275404833.292233 ID_001 3.39 3.81 2.608 ID_002 1.69 3.60 1.209 ID_003 2.17 3.90 2.643 ID_004 1.51 4.70 5.690 ID_005 2.13 5.05 4.776 ID_006 3.24 4.45 4.402
1275404838.297323 ID_001 3.23 3.85 2.332 ID_002 1.69 3.61 1.227 ID_003 2.16 3.90 2.473 ID_004 1.49 4.67 -0.429 ID_005 2.02 4.96 4.635 ID_006 3.39 4.52 4.343
1275404843.302277 ID_001 3.29 4.04 2.705 ID_002 1.67 3.62 1.398 ID_003 2.17 3.91 2.297 ID_004 1.48 4.64 5.693 ID_005 1.98 4.95 4.564 ID_006 3.06 4.65 4.521
1275404848.307246 ID_001 3.30 4.05 2.587 ID_002 1.59 3.74 1.418 ID_003 2.30 4.20 2.438 ID_004 1.51 4.70 5.860 ID_005 2.01 4.97 4.280 ID_006 3.15 4.59 4.404
1275404853.312371 ID_001 3.31 4.06 2.549 ID_002 1.74 3.79 1.773 ID_003 2.15 4.21 2.687 ID_004 1.24 4.66 -0.210 ID_005 1.93 5.03 4.344 ID_006 3.10 4.61 4.319
1275404858.317371 ID_001 3.53 4.09 3.709 ID_002 1.58 3.83 1.633 ID_003 2.27 4.32 2.487 ID_004 1.18 4.67 -0.550 ID_005 2.00 5.11 4.715 ID_006 3.07 4.56 4.507
1275404863.322394 ID_001 3.17 4.06 2.565 ID_002 1.57 3.82 1.657 ID_003 2.12 4.18 2.737 ID_004 1.40 4.74 -0.344 ID_005 1.82 5.06 4.686 ID_006 3.12 4.60 4.331
1275404868.327419 ID_001 3.37 4.06 2.989 ID_002 1.60 3.79 1.633 ID_003 2.11 4.16 2.546 ID_004 1.41 4.75 -0.430 ID_005 1.91 5.07 4.628 ID_006 3.08 4.61 4.716
1275404873.332498 ID_001 3.38 4.10 2.790 ID_002 1.44 3.69 1.554 ID_003 2.08 4.17 2.805 ID_004 1.41 4.77 -0.315 ID_005 1.88 5.08 4.534 ID_006 3.10 4.63 4.607
1275404878.337515 ID_001 3.53 3.49 2.948 ID_002 1.47 3.89 7.183 ID_003 2.21 4.25 2.328 ID_004 0.94 4.46 0.377 ID_005 1.79 5.07 4.949 ID_006 2.66 4.60 3.231
1275404883.342501 ID_001 3.17 3.28 3.428 ID_002 1.50 3.91 1.338 ID_003 2.17 4.27 2.433 ID_004 1.17 4.46 -0.018 ID_005 1.67 5.32 5.041 ID_006 2.19 4.86 3.965
1275404888.347538 ID_001 1.13 2.76 2.484 ID_002 1.46 3.82 1.338 ID_003 2.30 4.24 2.727 ID_004 1.12 4.73 -0.159 ID_005 1.49 5.15 5.095 ID_006 2.55 4.77 3.823
1275404893.352653 ID_001 0.77 4.32 0.416 ID_002 1.39 3.86 1.323 ID_003 2.13 4.29 2.596 ID_004 1.10 4.94 5.214 ID_005 1.68 5.29 5.053 ID_006 2.12 4.95 3.810
1275404898.290868 ID_001 0.87 4.33 0.489 ID_002 1.35 3.87 1.798 ID_003 2.10 4.36 2.294 ID_004 1.08 5.04 -0.310 ID_005 1.53 5.41 4.691 ID_006 2.20 4.97 3.591
1275404903.295961 ID_001 0.92 4.29 0.557 ID_002 1.36 3.87 1.511 ID_003 2.11 4.33 2.496 ID_004 1.09 5.02 5.897 ID_005 1.54 5.43 4.823 ID_006 2.31 4.86 3.626
1275404908.300998 ID_001 0.85 4.29 6.644 ID_002 2.97 3.11 -0.539 ID_003 2.07 4.35 2.433 ID_004 1.11 5.01 5.879 ID_005 1.53 5.44 4.670 ID_006 2.27 4.90 3.749
1275404913.306031 ID_001 0.86 4.30 6.504 ID_002 3.75 2.70 4.509 ID_003 1.84 4.23 2.171 ID_004 1.09 5.00 5.789 ID_005 1.50 5.41 4.661 ID_006 2.26 4.84 3.668
1275404918.311020 ID_001 0.92 4.29 0.922 ID_002 1.69 3.69 2.264 ID_003 1.97 4.38 2.796 ID_004 0.92 4.95 5.521 ID_005 1.46 5.41 4.591 ID_006 2.26 4.84 4.180
1275404923.316008 ID_001 0.90 4.31 0.858 ID_002 1.44 3.99 2.033 ID_003 1.98 4.37 2.971 ID_004 0.88 4.95 5.455 ID_005 1.47 5.41 4.771 ID_006 2.07 5.02 3.480
1275404928.321140 ID_001 0.97 4.21 1.012 ID_002 1.55 3.95 2.070 ID_003 1.99 4.38 3.141 ID_004 0.93 5.00 5.414 ID_005 1.39 5.39 5.008 ID_006 2.29 5.26 3.510
1275404933.326150 ID_001 0.82 4.16 0.755 ID_002 1.31 3.87 2.020 ID_003 1.97 4.31 2.878 ID_004 0.80 4.89 5.507 ID_005 1.42 5.24 4.533 ID_006 2.04 4.97 3.651
1275404938.331096 ID_001 0.84 4.18 0.582 ID_002 1.55 3.68 1.507 ID_003 1.97 4.33 2.770 ID_004 0.99 5.12 5.225 ID_005 1.50 5.30 4.637 ID_006 2.21 5.09 3.677
